6
5
1
26
12
5
17
13
7
3
1
1
2
7
3
9
19
9
10
13
1
5
22
1
3
6
4
1
6
4
14
16
19
5
1
12
1
17
2
16
1
14
7
10
1
2
22
6
21
4
1
19
11
1
7
11
4
4
17
13
32
9
9
4
17
4
5
7
6
2
10
5
25
2
8
2
8
3
10
8
8
2
27
4
8
7
12
2
6
8
11
20
43
5
4
15
15
7
11
4
13
30
1
9
4
7
22
11
29
6
6
2
37
5
5
3
1
9
25
4
25
9
14
25
4
3
1
2
12
2
4
27
14
2
3
22
1
3
9
13
1
9
14
2
3
13
6
3
18
1
2
1
6
16
9
2
3
15
1
17
6
12
13
16
15
5
27
10
1
9
21
6
6
5
2
14
11
2
19
11
9
32
10
8
5
2
10
16
4
2
11
22
30
9
14
3
13
4
7
14
11
14
24
27
14
7
32
28
10
6
1
2
4
5
10
9
14
8
10
2
19
9
9
17
8
57
17
9
32
9
5
15
14
4
2
17
11
20
3
9
9
15
3
20
10
4
1
4
2
2
13
4
15
36
1
10
20
1
3
6
1
7
18
3
1
1
1
2
3
21
14
5
7
2
13
39
4
3
6
1
3
15
8
12
17
8
13
7
3
4
3
6
1
12
15
11
6
3
21
15
26
8
5
1
16
8
3
12
5
1
7
7
4
26
6
7
6
11
5
7
62
18
8
10
4
16
8
30
25
10
8
18
4
1
5
7
7
15
4
18
14
32
8
19
23
8
1
6
6
11
1
9
3
6
4
1
2
13
7
6
1
1
5
1
6
16
15
18
4
6
9
2
3
3
14
5
8
1
5
4
11
37
17
2
15
5
15
5
2
3
2
13
19
13
25
2
1
12
3
5
34
7
4
1
22
6
3
5
12
29
25
10
1
11
21
1
41
3
8
3
4
8
2
30
17
1
16
4
18
5
5
2
14
33
17
7
2
5
10
15
1
7
1
5
8
4
17
11
10
6
5
22
3
10
7
9
4
1
2
17
23
17
22
1
6
13
3
4
6
7
18
24
6
11
17
3
2
22
15
19
5
6
1
3
19
3
9
13
4
3
18
2
1
21
1
6
13
12
13
17
27
49
1
15
12
7
34
6
2
13
11
8
6
7
1
2
6
3
1
4
3
6
6
14
7
14
11
1
8
8
3
21
2
2
6
11
9
2
3
29
5
12
2
2
3
1
6
34
1
3
4
5
4
1
15
16
11
5
4
21
4
9
5
4
7
1
21
3
35
11
4
2
2
23
9
2
5
2
6
9
4
4
7
2
10
1
9
24
8
12
23
2
4
4
1
2
2
14
1
12
10
6
6
10
3
18
2
13
9
35
12
1
3
11
1
5
4
7
6
59
4
18
14
7
8
8
28
2
10
1
13
7
29
12
7
6
3
33
9
12
1
4
8
1
6
4
2
15
1
4
7
5
4
10
8
1
12
10
1
1
7
3
17
2
1
12
39
9
1
19
1
7
1
15
4
5
8
7
14
8
8
4
15
1
3
9
11
1
9
3
9
4
1
6
4
30
11
3
7
6
9
20
2
14
16
2
9
3
6
10
4
5
10
5
29
1
36
5
1
12
9
5
3
1
9
5
3
19
9
4
2
17
1
20
11
18
9
13
7
2
30
9
6
10
1
7
6
40
5
4
8
6
6
3
17
16
5
20
5
5
18
45
18
2
9
1
14
9
5
19
1
13
6
16
2
26
29
10
16
2
2
40
3
7
4
6
3
7
2
5
13
15
6
5
4
3
11
14
17
5
5
2
26
3
7
4
4
25
9
2
22
2
1
1
6
6
5
25
4
20
6
6
27
3
10
10
20
21
10
8
1
7
9
24
2
6
19
5
5
6
5
6
15
3
1
3
5
9
21
1
6
5
6
28
8
2
22
19
15
23
1
4
8
4
2
33
16
17
6
23
1
13
3
2
3
1
13
25
7
12
10
3
4
6
1
3
22
9
2
6
6
6
11
3
1
7
3
12
23
8
3
8
6
2
10
34
12
7
3
10
23
5
16
14
13
7
2
4
2
7
11
8
9
5
3
15
5
2
2
1
6
6
23
2
8
13
7
16
2
1
2
3
7
2
10
8
15
7
7
1
3
13
22
2
3
19
5
6
19
10
3
5
6
1
10
30
8
10
12
10
11
4
15
13
10
19
23
23
7
42
10
11
4
11
17
3
4
1
7
29
16
8
18
28
28
9
29
2
12
15
